0.5273089454
-0.07191978867
-0.4484765927
0.6461909187
-0.0465748215
1.135174769
0.6102264389
-1.330217767
-2.221392978
0.2478179387
1.027823883602073
-0.199370743170748
0.381571263836441
-0.061854253109076
0.449230726087626
-0.185499561199815
1.032774520093337
-1.561687020527641
   2.361924374432637
  -0.270255354714994
  -1.232105359497790
  -1.145029161782525
  -0.041268502537396
   1.301800091854405
  -0.943305734136657
   0.419023275577530
  -0.825772409956175
   0.954672223247918
  -0.551670852465969
  -0.797514993920239
   2.176406653566148
   0.279476284441403
   1.308206517921736
   0.957490789307044
   0.210268898691969
   1.353401028345142
  -0.114082028638196
   0.546055556037851
  -1.553776754700554
  -1.221962741717857
   0.765226158648165
  -0.354101645477064
  -0.410171282213301
   0.384241589155241
  -2.629051131810940
  -0.360302987091546
  -1.079872260583286
   0.472329274436858
   0.030547890842882
  -1.532001987085225
  -0.099347736692604
  -0.225783237119474
   0.524337970396698
  -0.625699910504679
  -1.349490729363458
  -0.075575853611496
   0.501297166526375
   0.360896023286956
   0.660595472942342
  -0.936747952259017
  -0.851919586460180
  -0.669131067514653
   0.617255113405149
   0.283640603624290
   0.350975702033898
   1.017503914264513
   0.677656204983208
  -0.174162030842294
   0.161605450858558
   2.228081536255082
   1.441676508240583
  -0.448535555941661
  -1.864627533176681
  -0.392420914284623
   0.134230346538703
  -1.997634940367014
   1.302881330170512
   1.419329304090041
  -0.011651666636202
  -0.392171726620127
   0.751405573203867
   0.731076745065522
  -0.128089904692468
  -0.556332072542855
   0.257585856427742
   1.861490660796563
  -1.455026240053099
   1.718034129316954
  -1.836230319056533
  -0.836933877405571
   0.574473831529545
   1.109509047102452
  -0.863486546100650
  -0.183800644218742
  -0.816181542304018
  -1.541216957954833
   0.888610425420721
  -0.764849236567874
  -1.402268969338759
  -1.422375925091496
   0.488193909859941
  -0.177375156618825
  -0.196053487807333
   1.419310150642549
   0.291584373984183
   0.197811053464361
   1.587699089974059
  -0.804465956349547
   0.696624415849607
   0.835088165072682
  -0.243715140377952
   0.215670086403744
  -1.165843931482049
  -1.147952778898594
   0.104874716016494
   0.722254032225002
   2.585491252616241
  -0.666890670701386
   0.187331024578940
  -0.082494425370955
  -1.933022917850987
  -0.438966153934773
  -1.794678841455123
   0.840375529753905
  -0.888032082329010
   0.100092833139322
  -0.544528929990548
   0.303520794649354
  -0.600326562133734
   0.489965321173948
   0.739363123604474
   1.711887782981555
  -0.194123535758265
  -2.138355269439939
  -0.839588747336614
   1.354594328004644
  -1.072155288384252
   0.960953869740567
   0.124049800003193
   1.436696622718939
  -1.960899999365033
  -0.197698225974150
  -1.207845485259799
   2.908008030729362
   0.825218894228491
   1.378971977916614
  -1.058180257987362
  -0.468615581100624
  -0.272469409250187
   1.098424617888623
  -0.277871932787639
   0.701541458163284
  -2.051816299911149
  -0.353849997774433
  -0.823586525156853
  -1.577057022799202
   0.507974650905946
   0.281984063670556
   0.033479882244451
  -1.333677943428106
   1.127492278341590
   0.350179410603312
  -0.299066030332982
   0.022889792751630
  -0.261995434966092
  -1.750212368446790
  -0.285650971595330
  -0.831366511567624
  -0.979206305167302